t_s up_s state prof band I0 I1 I2 I3 SEo BPo OPA SUMo LPo valid
# [CAL] SALI_DE_BANDA
    1.6      5.0 2 1 0 4 4 -4 80 -9 -7 -9 -64 113 11110
# [CAL] SALI_DE_BANDA
    6.6     10.0 2 1 0 4 4 -4 -20 -10 -8 -9 -56 113 11110
# [CAL] SALI_DE_BANDA
   11.7     15.0 2 1 0 4 4 -4 -20 -10 -8 -9 -44 113 11110
# [CAL] SALI_DE_BANDA
   16.7     20.0 2 1 0 4 4 -4 -120 -10 -8 -9 -39 101 11110
# [CAL] SALI_DE_BANDA
   21.7     25.0 2 1 0 4 4 -4 -160 -10 -8 -9 -35 64 11111
# [CAL] SALI_DE_BANDA
   26.8     30.0 2 1 0 4 4 -4 -200 -10 -8 -9 -30 32 11111
# [CAL] ESTOY_EN_BANDA
# [CAL] ESTOY_EN_BANDA
   31.8     35.1 2 1 1 4 4 -4 -243 -10 -8 -9 -27 -7 11111
# [CAL] SALI_DE_BANDA
# [CAL] SALI_DE_BANDA
   36.8     40.1 2 1 0 4 4 -4 -218 -10 -9 -8 -25 -14 11111
# [CAL] ESTOY_EN_BANDA
# [CAL] ESTOY_EN_BANDA
   41.9     45.1 2 1 1 4 4 -4 -193 -11 -9 -8 -21 -11 11111
# [CAL] SALI_DE_BANDA
# [CAL] ESTOY_EN_BANDA
# [CAL] SALI_DE_BANDA
# [CAL] SALI_DE_BANDA
   46.9     50.1 2 1 0 4 4 -4 -126 -11 -9 -8 -19 -21 11111
# [CAL] ESTOY_EN_BANDA
# [CAL] ESTOY_EN_BANDA
   51.9     55.1 2 1 1 4 4 -4 -96 -11 -9 -8 -18 -8 11111
# [CAL] ESTOY_EN_BANDA
   57.0     60.1 2 1 1 4 4 -4 -79 -11 -9 -8 -15 -8 11111
# [CAL] ESTOY_EN_BANDA
   62.0     65.1 2 1 1 4 4 -4 -36 -11 -9 -8 -13 -3 11111
# [CAL] ESTOY_EN_BANDA
   67.0     70.1 2 1 1 4 4 -4 -14 -11 -9 -8 -11 -6 11111
# [CAL] ESTOY_EN_BANDA
   72.1     75.1 2 1 1 4 4 -4 -1 -11 -9 -8 -11 -6 11111
# [CAL] ESTOY_EN_BANDA
   77.1     80.1 2 1 1 4 4 -4 -1 -11 -9 -8 -8 -11 11111
# [CAL] SALI_DE_BANDA
# [CAL] ESTOY_EN_BANDA
# [CAL] ESTOY_EN_BANDA
   82.1     85.1 2 1 1 4 4 -4 -1 -11 -9 -8 -8 -19 11111
# [CAL] SALI_DE_BANDA
# [CAL] ESTOY_EN_BANDA
# [CAL] ESTOY_EN_BANDA
   87.2     90.1 2 1 1 4 4 -4 39 -11 -9 -8 -7 -13 11111
# [CAL] ESTOY_EN_BANDA
   92.2     95.1 2 1 1 4 4 -4 65 -11 -9 -8 -6 -5 11111
# [CAL] ESTOY_EN_BANDA
   97.2    100.1 2 1 1 4 4 -4 65 -11 -9 -8 -5 -3 11111
# [CAL] ESTOY_EN_BANDA
  102.3    105.2 2 1 1 4 4 -4 65 -11 -9 -8 -4 -14 11111
# [CAL] ESTOY_EN_BANDA
  107.3    110.2 2 1 1 4 4 -4 65 -11 -9 -8 -4 -17 11111
# [CAL] SALI_DE_BANDA
# [CAL] ESTOY_EN_BANDA
# [CAL] ESTOY_EN_BANDA
  112.3    115.2 2 1 1 4 4 -4 65 -11 -9 -8 -4 -17 11111
# [CAL] SALI_DE_BANDA
# [CAL] ESTOY_EN_BANDA
# [CAL] SALI_DE_BANDA
# [CAL] SALI_DE_BANDA
  117.4    120.2 2 1 0 4 4 -4 65 -11 -9 -8 -3 -21 11111
# [CAL] ESTOY_EN_BANDA
# [CAL] SALI_DE_BANDA
# [CAL] SALI_DE_BANDA
  122.4    125.2 2 1 0 4 4 -4 102 -11 -9 -8 -2 -13 11111
# [CAL] ESTOY_EN_BANDA
# [CAL] ESTOY_EN_BANDA
  127.5    130.2 2 1 1 4 4 -4 125 -11 -9 -8 -2 2 11111
# [CAL] ESTOY_EN_BANDA
  132.5    135.2 2 1 1 4 4 -4 125 -11 -9 -8 -1 -8 11111
# [CAL] ESTOY_EN_BANDA
  137.5    140.2 2 1 1 4 4 -4 125 -11 -9 -8 -1 -13 11111
# [CAL] ESTOY_EN_BANDA
  142.6    145.2 2 1 1 4 4 -4 125 -11 -9 -8 -2 -10 11111
# [CAL] SALI_DE_BANDA
# [CAL] SALI_DE_BANDA
  147.6    150.2 2 1 0 4 4 -4 125 -11 -9 -8 0 -25 11111
# [CAL] ESTOY_EN_BANDA
# [CAL] ESTOY_EN_BANDA
  152.7    155.2 2 1 1 4 4 -4 125 -11 -10 -8 -1 -13 11111
# [CAL] ESTOY_EN_BANDA
  157.7    160.2 2 1 1 4 4 -4 125 -11 -9 -8 1 -15 11111
# [CAL] ESTOY_EN_BANDA
  162.7    165.2 2 1 1 4 4 -4 125 -11 -9 -8 1 -19 11111
# [CAL] SALI_DE_BANDA
# [CAL] SALI_DE_BANDA
  167.7    170.3 2 1 0 4 4 -4 125 -11 -10 -8 1 -20 11111
# [CAL] ESTOY_EN_BANDA
# [CAL] SALI_DE_BANDA
# [CAL] SALI_DE_BANDA
  172.8    175.3 2 1 0 4 4 -4 125 -11 -10 -8 1 -21 11111
# [CAL] ESTOY_EN_BANDA
# [CAL] ESTOY_EN_BANDA
  177.8    180.3 2 1 1 4 4 -4 183 -11 -9 -8 2 0 11111
# [CAL] ESTOY_EN_BANDA
  182.8    185.3 2 1 1 4 4 -4 183 -11 -10 -8 1 -4 11111
# [CAL] ESTOY_EN_BANDA
  187.9    190.3 2 1 1 4 4 -4 183 -11 -10 -8 2 2 11111
# [CAL] ESTOY_EN_BANDA
  192.9    195.3 2 1 1 4 4 -4 183 -11 -9 -8 2 -1 11111
# [CAL] ESTOY_EN_BANDA
  197.9    200.3 2 1 1 4 4 -4 183 -11 -10 -8 3 -7 11111
# [CAL] ESTOY_EN_BANDA
  203.0    205.3 2 1 1 4 4 -4 183 -11 -10 -8 2 -2 11111
# [CAL] ESTOY_EN_BANDA
  208.0    210.3 2 1 1 4 4 -4 183 -11 -10 -8 3 -4 11111
# [CAL] ESTOY_EN_BANDA
  213.0    215.3 2 1 1 4 4 -4 183 -11 -10 -8 8 -8 11111
# [CAL] ESTOY_EN_BANDA
  218.1    220.3 2 1 1 4 4 -4 183 -11 -10 -8 2 -7 11111
# [CAL] ESTOY_EN_BANDA
  223.1    225.3 2 1 1 4 4 -4 183 -11 -10 -8 3 -4 11111
# [CAL] ESTOY_EN_BANDA
  228.1    230.3 2 1 1 4 4 -4 183 -11 -10 -8 3 -6 11111
# [CAL] ESTOY_EN_BANDA
  233.2    235.3 2 1 1 4 4 -4 183 -11 -10 -8 2 -7 11111
# [CAL] ESTOY_EN_BANDA
  238.2    240.3 2 1 1 4 4 -4 183 -12 -10 -8 2 -5 11111
# [CAL] ESTOY_EN_BANDA
  243.2    245.4 2 1 1 4 4 -4 183 -11 -10 -8 3 -4 11111
# [CAL] ESTOY_EN_BANDA
  248.3    250.4 2 1 1 4 4 -4 183 -11 -10 -8 3 -9 11111
# [CAL] ESTOY_EN_BANDA
  253.3    255.4 2 1 1 4 4 -4 183 -11 -10 -8 2 -8 11111
# [CAL] ESTOY_EN_BANDA
  258.3    260.4 2 1 1 4 4 -4 183 -11 -10 -8 2 -4 11111
# [CAL] ESTOY_EN_BANDA
  263.4    265.4 2 1 1 4 4 -4 183 -11 -9 -8 3 -9 11111
# [CAL] ESTOY_EN_BANDA
  268.4    270.4 2 1 1 4 4 -4 183 -11 -10 -8 2 -8 11111
# [CAL] ESTOY_EN_BANDA
  273.5    275.4 2 1 1 4 4 -4 183 -11 -10 -8 2 -3 11111
# [CAL] ESTOY_EN_BANDA
  278.5    280.4 2 1 1 4 4 -4 183 -11 -10 -8 3 -8 11111
# [CAL] ESTOY_EN_BANDA
  283.5    285.4 2 1 1 4 4 -4 183 -11 -10 -8 2 -8 11111
# [CAL] ESTOY_EN_BANDA
  288.6    290.4 2 1 1 4 4 -4 183 -11 -10 -8 1 -5 11111
# [CAL] ESTOY_EN_BANDA
  293.6    295.4 2 1 1 4 4 -4 183 -11 -10 -8 3 -4 11111
# [CAL] ESTOY_EN_BANDA
  298.6    300.4 2 1 1 4 4 -4 183 -11 -10 -8 3 -7 11111
# [CAL] ESTOY_EN_BANDA
  303.7    305.4 2 1 1 4 4 -4 183 -11 -10 -8 2 -8 11111
# [CAL] ESTOY_EN_BANDA
  308.7    310.5 2 1 1 4 4 -4 183 -11 -10 -8 3 -5 11111
# [CAL] ESTOY_EN_BANDA
  313.7    315.5 2 1 1 4 4 -4 183 -11 -10 -8 3 -4 11111
# [CAL] ESTOY_EN_BANDA
  318.8    320.5 2 1 1 4 4 -4 183 -11 -10 -8 2 -8 11111
# [CAL] ESTOY_EN_BANDA
  323.8    325.5 2 1 1 4 4 -4 183 -11 -10 -8 2 1 11111
# [CAL] ESTOY_EN_BANDA
  328.8    330.5 2 1 1 4 4 -4 183 -11 -10 -8 3 -3 11111
# [CAL] ESTOY_EN_BANDA
  333.9    335.5 2 1 1 4 4 -4 183 -11 -10 -8 3 -8 11111
# [CAL] ESTOY_EN_BANDA
  338.9    340.5 2 1 1 4 4 -4 183 -11 -10 -8 2 -5 11111
# [CAL] ESTOY_EN_BANDA
  343.9    345.5 2 1 1 4 4 -4 183 -12 -10 -8 3 -4 11111
# [CAL] ESTOY_EN_BANDA
  349.0    350.5 2 1 1 4 4 -4 183 -11 -10 -8 3 -9 11111
# [CAL] ESTOY_EN_BANDA
  354.0    355.5 2 1 1 4 4 -4 183 -11 -10 -8 2 -10 11111
# [CAL] ESTOY_EN_BANDA
  359.0    360.5 2 1 1 4 4 -4 183 -11 -10 -8 3 -5 11111
# [CAL] ESTOY_EN_BANDA
  364.1    365.5 2 1 1 4 4 -4 183 -12 -10 -8 3 -9 11111
# [CAL] ESTOY_EN_BANDA
  369.1    370.5 2 1 1 4 4 -4 183 -11 -10 -8 2 -10 11111
# [CAL] ESTOY_EN_BANDA
  374.1    375.5 2 1 1 4 4 -4 183 -12 -10 -8 3 -10 11111
# [CAL] ESTOY_EN_BANDA
  379.2    380.6 2 1 1 4 4 -4 183 -11 -10 -8 3 -8 11111
# [CAL] ESTOY_EN_BANDA
  384.2    385.6 2 1 1 4 4 -4 183 -11 -10 -8 3 -11 11111
# [CAL] ESTOY_EN_BANDA
  389.2    390.6 2 1 1 4 4 -4 183 -11 -10 -8 2 -12 11111
# [CAL] ESTOY_EN_BANDA
  394.3    395.6 2 1 1 4 4 -4 183 -12 -10 -8 3 -7 11111
# [CAL] ESTOY_EN_BANDA
  399.3    400.6 2 1 1 4 4 -4 183 -11 -10 -8 4 -9 11111
# [CAL] ESTOY_EN_BANDA
  404.3    405.6 2 1 1 4 4 -4 183 -11 -10 -8 3 -12 11111
# [CAL] ESTOY_EN_BANDA
  409.4    410.6 2 1 1 4 4 -4 183 -12 -10 -8 3 -6 11111
# [CAL] ESTOY_EN_BANDA
  414.4    415.6 2 1 1 4 4 -4 183 -12 -10 -8 4 -10 11111
# [CAL] ESTOY_EN_BANDA
  419.5    420.6 2 1 1 4 4 -4 183 -11 -10 -8 2 -10 11111
# [CAL] ESTOY_EN_BANDA
  424.5    425.6 2 1 1 4 4 -4 183 -11 -10 -8 3 -9 11111
# [CAL] ESTOY_EN_BANDA
  429.5    430.6 2 1 1 4 4 -4 183 -12 -10 -8 3 -9 11111
# [CAL] ESTOY_EN_BANDA
  434.6    435.6 2 1 1 4 4 -4 183 -11 -10 -8 4 -10 11111
# [CAL] ESTOY_EN_BANDA
  439.6    440.6 2 1 1 4 4 -4 183 -11 -10 -8 3 -13 11111
# [CAL] ESTOY_EN_BANDA
  444.6    445.6 2 1 1 4 4 -4 183 -12 -10 -8 4 -9 11111
# [CAL] ESTOY_EN_BANDA
  449.7    450.7 2 1 1 4 4 -4 183 -11 -10 -8 4 -8 11111
# [CAL] ESTOY_EN_BANDA
  454.7    455.7 2 1 1 4 4 -4 183 -11 -10 -8 3 -12 11111
# [CAL] ESTOY_EN_BANDA
  459.7    460.7 2 1 1 4 4 -4 183 -11 -10 -8 3 -6 11111
# [CAL] ESTOY_EN_BANDA
  464.8    465.7 2 1 1 4 4 -4 183 -11 -10 -8 3 -7 11111
# [CAL] ESTOY_EN_BANDA
  469.8    470.7 2 1 1 4 4 -4 183 -11 -10 -8 3 -4 11111
# [CAL] ESTOY_EN_BANDA
  474.8    475.7 2 1 1 4 4 -4 183 -11 -10 -8 3 -8 11111
# [CAL] ESTOY_EN_BANDA
  479.9    480.7 2 1 1 4 4 -4 183 -11 -10 -8 3 -7 11111
# [CAL] ESTOY_EN_BANDA
  484.9    485.7 2 1 1 4 4 -4 183 -11 -10 -8 3 -10 11111
# [CAL] ESTOY_EN_BANDA
  489.9    490.7 2 1 1 4 4 -4 183 -11 -10 -8 3 -9 11111
# [CAL] ESTOY_EN_BANDA
  495.0    495.7 2 1 1 4 4 -4 183 -11 -10 -8 3 -4 11111
# [CAL] ESTOY_EN_BANDA
  500.0    500.7 2 1 1 4 4 -4 183 -11 -10 -8 3 -7 11111
# [CAL] ESTOY_EN_BANDA
  505.0    505.7 2 1 1 4 4 -4 183 -11 -10 -8 2 -11 11111
# [CAL] ESTOY_EN_BANDA
  510.1    510.7 2 1 1 4 4 -4 183 -11 -10 -8 3 -12 11111
# [CAL] ESTOY_EN_BANDA
  515.1    515.8 2 1 1 4 4 -4 183 -11 -10 -8 3 -6 11111
# [CAL] ESTOY_EN_BANDA
  520.1    520.8 2 1 1 4 4 -4 183 -11 -10 -8 3 -12 11111
# [CAL] ESTOY_EN_BANDA
  525.2    525.8 2 1 1 4 4 -4 183 -11 -10 -8 3 -11 11111
# [CAL] ESTOY_EN_BANDA
  530.2    530.8 2 1 1 4 4 -4 183 -11 -10 -8 3 -7 11111
# [CAL] ESTOY_EN_BANDA
  535.2    535.8 2 1 1 4 4 -4 183 -11 -10 -8 3 -10 11111
# [CAL] ESTOY_EN_BANDA
  540.3    540.8 2 1 1 4 4 -4 183 -11 -10 -8 3 -11 11111
# [CAL] ESTOY_EN_BANDA
  545.3    545.8 2 1 1 4 4 -4 183 -11 -10 -8 3 -7 11111
# [CAL] ESTOY_EN_BANDA
  550.4    550.8 2 1 1 4 4 -4 183 -11 -10 -8 3 -6 11111
# [CAL] ESTOY_EN_BANDA
  555.4    555.8 2 1 1 4 4 -4 183 -11 -10 -8 2 -10 11111
# [CAL] ESTOY_EN_BANDA
  560.4    560.8 2 1 1 4 4 -4 183 -11 -10 -8 3 -10 11111
# [CAL] ESTOY_EN_BANDA
  565.5    565.8 2 1 1 4 4 -4 183 -11 -10 -8 3 -7 11111
# [CAL] ESTOY_EN_BANDA
  570.5    570.8 2 1 1 4 4 -4 183 -11 -10 -8 4 -9 11111
# [CAL] ESTOY_EN_BANDA
  575.5    575.8 2 1 1 4 4 -4 183 -11 -10 -8 3 -10 11111
# [CAL] ESTOY_EN_BANDA
  580.6    580.8 2 1 1 4 4 -4 183 -11 -10 -8 3 -8 11111
# [CAL] ESTOY_EN_BANDA
  585.6    585.9 2 1 1 4 4 -4 183 -11 -10 -8 3 -8 11111
# [CAL] ESTOY_EN_BANDA
  590.6    590.9 2 1 1 4 4 -4 183 -11 -10 -8 3 -12 11111
# [CAL] ESTOY_EN_BANDA
  595.7    595.9 2 1 1 4 4 -4 183 -11 -10 -8 3 -7 11111
# [CAL] ESTOY_EN_BANDA
  600.7    600.9 2 1 1 4 4 -4 183 -11 -10 -8 3 -7 11111
# [CAL] ESTOY_EN_BANDA
  605.8    605.9 2 1 1 4 4 -4 183 -11 -10 -8 3 -12 11111
# [CAL] ESTOY_EN_BANDA
  610.8    610.9 2 1 1 4 4 -4 183 -11 -10 -8 3 -9 11111
# [CAL] ESTOY_EN_BANDA
  615.8    615.9 2 1 1 4 4 -4 183 -11 -10 -8 3 -9 11111
# [CAL] ESTOY_EN_BANDA
  620.8    620.9 2 1 1 4 4 -4 183 -12 -10 -8 4 -10 11111
# [CAL] ESTOY_EN_BANDA
  625.9    625.9 2 1 1 4 4 -4 183 -11 -10 -8 3 -11 11111
# [CAL] ESTOY_EN_BANDA
  630.9    630.9 2 1 1 4 4 -4 183 -12 -10 -8 3 -12 11111
# [CAL] ESTOY_EN_BANDA
  635.9    635.9 2 1 1 4 4 -4 183 -12 -10 -8 4 -10 11111
# [CAL] ESTOY_EN_BANDA
  641.0    640.9 2 1 1 4 4 -4 183 -11 -10 -8 4 -13 11111
# [CAL] ESTOY_EN_BANDA
  646.0    645.9 2 1 1 4 4 -4 183 -11 -10 -8 3 -16 11111
# [CAL] ESTOY_EN_BANDA
  651.0    651.0 2 1 1 4 4 -4 183 -11 -10 -8 3 -11 11111
# [CAL] ESTOY_EN_BANDA
  656.1    656.0 2 1 1 4 4 -4 183 -11 -10 -8 4 -14 11111
# [CAL] ESTOY_EN_BANDA
  661.1    661.0 2 1 1 4 4 -4 183 -11 -10 -8 3 -14 11111
# [CAL] ESTOY_EN_BANDA
  666.1    666.0 2 1 1 4 4 -4 183 -11 -10 -8 3 -11 11111
# [CAL] ESTOY_EN_BANDA
  671.2    671.0 2 1 1 4 4 -4 183 -12 -10 -8 4 -14 11111
# [CAL] ESTOY_EN_BANDA
  676.2    676.0 2 1 1 4 4 -4 183 -11 -10 -8 4 -14 11111
# [CAL] ESTOY_EN_BANDA
  681.2    681.0 2 1 1 4 4 -4 183 -12 -10 -8 4 -13 11111
# [CAL] ESTOY_EN_BANDA
  686.3    686.0 2 1 1 4 4 -4 183 -12 -10 -8 4 -11 11111
# [CAL] ESTOY_EN_BANDA
  691.3    691.0 2 1 1 4 4 -4 183 -11 -10 -8 3 -13 11111
# [CAL] ESTOY_EN_BANDA
  696.3    696.0 2 1 1 4 4 -4 183 -11 -10 -8 3 -12 11111
# [CAL] ESTOY_EN_BANDA
  701.4    701.0 2 1 1 4 4 -4 183 -11 -10 -8 4 -9 11111
# [CAL] ESTOY_EN_BANDA
  706.4    706.0 2 1 1 4 4 -4 183 -11 -10 -8 4 -9 11111
# [CAL] ESTOY_EN_BANDA
  711.5    711.0 2 1 1 4 4 -4 183 -11 -10 -8 3 -8 11111
# [CAL] ESTOY_EN_BANDA
  716.5    716.0 2 1 1 4 4 -4 183 -11 -10 -8 3 -8 11111
# [CAL] ESTOY_EN_BANDA
  721.5    721.1 2 1 1 4 4 -4 183 -12 -10 -8 3 -8 11111
# [CAL] ESTOY_EN_BANDA
  726.6    726.1 2 1 1 4 4 -4 183 -11 -10 -8 4 -12 11111
# [CAL] ESTOY_EN_BANDA
  731.6    731.1 2 1 1 4 4 -4 183 -11 -10 -8 3 -9 11111
# [CAL] ESTOY_EN_BANDA
  736.6    736.1 2 1 1 4 4 -4 183 -11 -10 -8 4 -9 11111
# [CAL] ESTOY_EN_BANDA
  741.7    741.1 2 1 1 4 4 -4 183 -11 -10 -8 4 -12 11111
# [CAL] ESTOY_EN_BANDA
  746.7    746.1 2 1 1 4 4 -4 183 -11 -10 -8 3 -12 11111
# [CAL] ESTOY_EN_BANDA
  751.7    751.1 2 1 1 4 4 -4 183 -12 -10 -8 4 -10 11111
# [CAL] ESTOY_EN_BANDA
  756.8    756.1 2 1 1 4 4 -4 183 -12 -10 -8 4 -11 11111
# [CAL] ESTOY_EN_BANDA
  761.8    761.1 2 1 1 4 4 -4 183 -11 -10 -8 3 -10 11111
# [CAL] ESTOY_EN_BANDA
  766.8    766.1 2 1 1 4 4 -4 183 -11 -10 -8 3 -13 11111
# [CAL] ESTOY_EN_BANDA
  771.9    771.1 2 1 1 4 4 -4 183 -11 -10 -8 4 -9 11111
# [CAL] ESTOY_EN_BANDA
  776.9    776.1 2 1 1 4 4 -4 183 -11 -10 -8 4 -14 11111
# [CAL] ESTOY_EN_BANDA
  781.9    781.1 2 1 1 4 4 -4 183 -11 -10 -8 3 -15 11111
# [CAL] ESTOY_EN_BANDA
  787.0    786.2 2 1 1 4 4 -4 183 -12 -10 -8 3 -9 11111
# [CAL] ESTOY_EN_BANDA
  792.0    791.2 2 1 1 4 4 -4 183 -11 -10 -8 4 -14 11111
# [CAL] ESTOY_EN_BANDA
  797.0    796.2 2 1 1 4 4 -4 183 -11 -10 -8 3 -10 11111
# [CAL] ESTOY_EN_BANDA
  802.1    801.2 2 1 1 4 4 -4 183 -12 -10 -8 3 -11 11111
# [CAL] ESTOY_EN_BANDA
  807.1    806.2 2 1 1 4 4 -4 183 -11 -10 -8 3 -13 11111
# [CAL] ESTOY_EN_BANDA
  812.1    811.2 2 1 1 4 4 -4 183 -11 -10 -8 4 -16 11111
# [CAL] ESTOY_EN_BANDA
  817.2    816.2 2 1 1 4 4 -4 183 -11 -10 -8 4 -15 11111
# [CAL] SALI_DE_BANDA
# [CAL] ESTOY_EN_BANDA
# [CAL] ESTOY_EN_BANDA
  822.2    821.2 2 1 1 4 4 -4 183 -12 -10 -8 4 -14 11111
# [CAL] ESTOY_EN_BANDA
  827.2    826.2 2 1 1 4 4 -4 183 -12 -10 -8 4 -14 11111
# [CAL] ESTOY_EN_BANDA
  832.3    831.2 2 1 1 4 4 -4 183 -11 -10 -8 4 -18 11111
# [CAL] ESTOY_EN_BANDA
  837.3    836.2 2 1 1 4 4 -4 183 -11 -10 -8 4 -15 11111
# [CAL] ESTOY_EN_BANDA
  842.4    841.2 2 1 1 4 4 -4 183 -12 -10 -8 4 -14 11111
# [CAL] SALI_DE_BANDA
# [CAL] ESTOY_EN_BANDA
# [CAL] ESTOY_EN_BANDA
  847.4    846.2 2 1 1 4 4 -4 183 -12 -10 -8 4 -14 11111
# [CAL] ESTOY_EN_BANDA
  852.4    851.2 2 1 1 4 4 -4 183 -11 -10 -8 4 -18 11111
# [CAL] ESTOY_EN_BANDA
  857.5    856.2 2 1 1 4 4 -4 183 -12 -10 -8 4 -14 11111
# [CAL] ESTOY_EN_BANDA
  862.5    861.3 2 1 1 4 4 -4 183 -12 -10 -8 5 -14 11111
# [CAL] SALI_DE_BANDA
# [CAL] ESTOY_EN_BANDA
# [CAL] ESTOY_EN_BANDA
  867.5    866.3 2 1 1 4 4 -4 183 -11 -10 -8 4 -13 11111
# [CAL] ESTOY_EN_BANDA
  872.6    871.3 2 1 1 4 4 -4 183 -12 -10 -8 5 -16 11111
# [CAL] ESTOY_EN_BANDA
  877.6    876.3 2 1 1 4 4 -4 183 -11 -10 -8 3 -15 11111
# [CAL] ESTOY_EN_BANDA
  882.6    881.3 2 1 1 4 4 -4 183 -12 -10 -8 4 -12 11111
# [CAL] ESTOY_EN_BANDA
  887.7    886.3 2 1 1 4 4 -4 183 -11 -10 -8 4 -12 11111
# [CAL] ESTOY_EN_BANDA
  892.7    891.3 2 1 1 4 4 -4 183 -11 -10 -8 3 -15 11111
# [CAL] ESTOY_EN_BANDA
  897.7    896.3 2 1 1 4 4 -4 183 -11 -10 -8 3 -14 11111
