t_s up_s state prof band I0 I1 I2 I3 SEo BPo OPA SUMo LPo valid
# [CAL] SALI_DE_BANDA
    0.2     10.0 2 1 0 4 4 -4 -20 -10 -8 -9 -46 113 11110 1612
# [CAL] SALI_DE_BANDA
    5.3     15.0 2 1 0 4 4 -4 -20 -10 -8 -9 -39 113 11110 98
# [CAL] SALI_DE_BANDA
   10.3     20.0 2 1 0 4 4 -4 -120 -11 -8 -9 -33 81 11111 460
# [CAL] SALI_DE_BANDA
   15.3     25.0 2 1 0 4 4 -4 -160 -10 -8 -9 -30 42 11111 1631
# [CAL] SALI_DE_BANDA
   20.4     30.0 2 1 0 4 4 -4 -200 -10 -9 -9 -27 9 11111 96
# [CAL] SALI_DE_BANDA
   25.4     35.1 2 1 0 4 4 -4 -217 -11 -9 -8 -24 -17 11111 458
# [CAL] SALI_DE_BANDA
   30.4     40.1 2 1 0 4 4 -4 -183 -11 -9 -8 -22 -14 11111 1629
# [CAL] SALI_DE_BANDA
   35.5     45.1 2 1 0 4 4 -4 -159 -11 -9 -8 -19 -21 11111 94
# [CAL] SALI_DE_BANDA
   40.5     50.1 2 1 0 4 4 -4 -92 -11 -9 -8 -17 -12 11111 456
# [CAL] SALI_DE_BANDA
   45.5     55.1 2 1 0 4 4 -4 -71 -11 -9 -8 -15 -4 11111 1627
# [CAL] SALI_DE_BANDA
   50.6     60.1 2 1 0 4 4 -4 -58 -11 -9 -8 -12 -14 11111 92
# [CAL] SALI_DE_BANDA
   55.6     65.1 2 1 0 4 4 -4 -11 -11 -9 -8 -12 -9 11111 454
# [CAL] SALI_DE_BANDA
   60.6     70.1 2 1 0 4 4 -4 4 -11 -9 -8 -10 -6 11111 1625
# [CAL] SALI_DE_BANDA
   65.7     75.1 2 1 0 4 4 -4 15 -11 -9 -8 -8 -9 11111 90
# [CAL] SALI_DE_BANDA
   70.7     80.1 2 1 0 4 4 -4 52 -11 -9 -8 -8 -4 11111 452
# [CAL] SALI_DE_BANDA
   75.7     85.1 2 1 0 4 4 -4 52 -11 -9 -8 -7 -6 11111 1623
# [CAL] ESTOY_EN_BANDA
# [CAL] ESTOY_EN_BANDA
   80.8     90.1 2 1 1 4 4 -4 52 -11 -9 -8 -5 -10 11111 88
# [CAL] ESTOY_EN_BANDA
   85.8     95.1 2 1 1 4 4 -4 52 -11 -9 -8 -5 -18 11111 450
# [CAL] ESTOY_EN_BANDA
   90.8    100.1 2 1 1 4 4 -4 52 -11 -9 -8 -4 -20 11111 1621
# [CAL] SALI_DE_BANDA
# [CAL] SALI_DE_BANDA
   95.9    105.2 2 1 0 4 4 -4 90 -11 -9 -8 -3 -6 11111 45
# [CAL] SALI_DE_BANDA
  100.9    110.2 2 1 0 4 4 -4 118 -11 -9 -8 -2 0 11111 449
# [CAL] ESTOY_EN_BANDA
# [CAL] ESTOY_EN_BANDA
  105.9    115.2 2 1 1 4 4 -4 118 -11 -9 -8 -2 -7 11111 1620
# [CAL] ESTOY_EN_BANDA
  111.0    120.2 2 1 1 4 4 -4 118 -11 -9 -8 -2 -7 11111 85
# [CAL] ESTOY_EN_BANDA
  116.0    125.2 2 1 1 4 4 -4 118 -11 -9 -8 0 -11 11111 447
# [CAL] ESTOY_EN_BANDA
  121.0    130.2 2 1 1 4 4 -4 118 -11 -9 -8 0 -17 11111 1618
# [CAL] ESTOY_EN_BANDA
  126.1    135.2 2 1 1 4 4 -4 118 -11 -9 -8 0 -17 11111 83
# [CAL] ESTOY_EN_BANDA
  131.1    140.2 2 1 1 4 4 -4 118 -11 -9 -8 1 -17 11111 445
# [CAL] SALI_DE_BANDA
# [CAL] SALI_DE_BANDA
  136.1    145.2 2 1 0 4 4 -4 153 -11 -9 -8 1 -9 11111 1616
# [CAL] SALI_DE_BANDA
  141.2    150.2 2 1 0 4 4 -4 169 -11 -10 -8 1 -5 11111 81
# [CAL] ESTOY_EN_BANDA
# [CAL] ESTOY_EN_BANDA
  146.3    155.2 2 1 1 4 4 -4 169 -11 -10 -8 2 -3 11111 464
# [CAL] ESTOY_EN_BANDA
  151.2    160.2 2 1 1 4 4 -4 169 -11 -9 -8 1 -7 11111 1646
# [CAL] ESTOY_EN_BANDA
  156.3    165.2 2 1 1 4 4 -4 169 -11 -10 -8 2 -7 11111 90
# [CAL] ESTOY_EN_BANDA
  161.3    170.3 2 1 1 4 4 -4 169 -11 -10 -8 2 -10 11111 452
# [CAL] ESTOY_EN_BANDA
  166.3    175.3 2 1 1 4 4 -4 169 -11 -9 -8 2 -7 11111 1623
# [CAL] ESTOY_EN_BANDA
  171.4    180.3 2 1 1 4 4 -4 169 -11 -9 -8 3 -13 11111 88
# [CAL] ESTOY_EN_BANDA
  176.4    185.3 2 1 1 4 4 -4 169 -11 -10 -8 2 -14 11111 450
# [CAL] ESTOY_EN_BANDA
  181.4    190.3 2 1 1 4 4 -4 169 -11 -10 -8 2 -10 11111 1621
# [CAL] ESTOY_EN_BANDA
  186.5    195.3 2 1 1 4 4 -4 169 -11 -10 -8 4 -14 11111 86
# [CAL] ESTOY_EN_BANDA
  191.5    200.3 2 1 1 4 4 -4 169 -11 -10 -8 2 -13 11111 448
# [CAL] ESTOY_EN_BANDA
  196.6    205.3 2 1 1 4 4 -4 169 -11 -10 -8 3 -13 11111 1619
# [CAL] ESTOY_EN_BANDA
  201.6    210.3 2 1 1 4 4 -4 169 -11 -10 -8 3 -16 11111 84
# [CAL] ESTOY_EN_BANDA
  231.8    240.3 2 1 1 4 4 -4 169 -11 -10 -8 4 -18 11111 8364
# [CAL] ESTOY_EN_BANDA
  261.9    270.3 2 1 1 4 4 -4 169 -11 -10 -8 4 -17 11111 17453
# [CAL] ESTOY_EN_BANDA
  292.1    300.3 2 1 1 4 4 -4 169 -12 -10 -8 4 -16 11111 5624
# [CAL] ESTOY_EN_BANDA
  322.3    330.3 2 1 1 4 4 -4 169 -12 -10 -8 3 -21 11111 14713
# [CAL] ESTOY_EN_BANDA
  352.4    360.3 2 1 1 4 4 -4 169 -12 -10 -8 4 -23 11111 2884
# [CAL] ESTOY_EN_BANDA
  382.6    390.4 2 1 1 4 4 -4 169 -12 -10 -8 4 -22 11111 11973
# [CAL] ESTOY_EN_BANDA
  412.8    420.4 2 1 1 4 4 -4 169 -12 -10 -8 4 -18 11111 144
# [CAL] ESTOY_EN_BANDA
  442.9    450.4 2 1 1 4 4 -4 169 -12 -10 -8 4 -18 11111 8445
# [CAL] ESTOY_EN_BANDA
  473.1    480.4 2 1 1 4 4 -4 169 -12 -10 -8 4 -23 11111 17534
# [CAL] ESTOY_EN_BANDA
  503.3    510.4 2 1 1 4 4 -4 169 -12 -10 -8 4 -24 11111 5705
# [CAL] ESTOY_EN_BANDA
  533.4    540.4 2 1 1 4 4 -4 169 -12 -10 -8 4 -17 11111 14794
# [CAL] ESTOY_EN_BANDA
  563.6    570.4 2 1 1 4 4 -4 169 -12 -10 -8 4 -19 11111 2965
# [CAL] ESTOY_EN_BANDA
  593.8    600.4 2 1 1 4 4 -4 169 -12 -10 -8 4 -20 11111 12054
# [CAL] ESTOY_EN_BANDA
  623.9    630.4 2 1 1 4 4 -4 169 -12 -10 -8 4 -18 11111 225
# [CAL] ESTOY_EN_BANDA
  654.1    660.4 2 1 1 4 4 -4 169 -12 -10 -8 4 -24 11111 9314
# [CAL] ESTOY_EN_BANDA
  684.3    690.4 2 1 1 4 4 -4 169 -12 -10 -8 4 -24 11111 18403
# [CAL] ESTOY_EN_BANDA
  714.5    720.4 2 1 1 4 4 -4 169 -12 -10 -8 5 -21 11111 6574
