report_start 971421 last_report_end 971428 n 127
    971058    -3.24
    971079    -3.51
    971099    -2.69
    971120    -2.84
    971141   -22.18
    971162   -28.13
    971182     3.41
    971203     3.62
    971224     1.41
    971245     0.49
    971265     1.10
    971286     2.80
    971307     0.45
    971327    -2.25
    971348    -1.10
    971369     0.26
    971390     0.45
    971410     0.66 <report
    971431     0.74 <report
    971452    19.64
    971473    54.68
    971493    10.89
    971514   -22.20
    971535   -15.35
    971556   -11.55
    971576   -10.18
    971597    -6.67
    971618    -3.81
    971638    -3.37
    972644     2.02
    972665     2.86
    972685     2.70
    972706     1.64
    972727     0.55
    972748     0.26
    972768     2.76
    972789     3.54
    972810     1.75
    972830     1.75
    972851     1.46
    972872     0.40
    972893    -0.89
    972913    -1.43
    972934    -1.54
    972955    -1.62
    972976    -1.79
    972996    -2.67
    973017    -1.27
    973038    -0.26
    973059    -3.58
    973079    -4.36
    973100    -2.49
    973121    -6.67
    973142   -34.54
    973162    -5.11
    973183     6.29
    973204     4.10
    973224     2.67
    973245     1.75
    973266     2.32
    973287     1.29
    973307     0.26
    973328     0.64
    973349     0.57
    973370     0.53
    973390     1.02
    973411     0.64
    973432     1.27
    973453     2.15
    973473     2.51
    973494     2.86
    973515     4.06
    973535     5.20
    973556     3.52
    973577     2.65
    973598     2.42
    973618     1.56
    973639     1.35
    974355    -0.97
    974375     0.19
    974396     0.26
    974417     1.31
    974438     2.09
    974458     2.55
    974479     1.52
    974500     2.34
    974520     4.74
    974541     1.79
    974562     2.05
    974583     2.53
    974603     1.35
    974624     1.23
    974645     1.39
    974666     1.86
    974686     1.64
    974707     1.39
    974728     2.17
    974749     3.50
    974769     4.44
    974790     1.22
    974811     1.44
    974832     1.18
    974852     0.68
    974873     0.43
    974894     0.51
    974914    -0.47
    974935    -1.79
    974956    -3.28
    974977    -2.13
    974997    -1.22
    975018    -0.11
    975039    -3.43
    975060    -4.06
    975080    -3.03
    975101    -3.35
    975122   -20.71
    975143   -29.54
    975163     2.53
    975184     3.31
    975205     3.01
    975225     2.42
    975246     2.25
    975267     3.01
    975288    -0.21
    975308    -1.10
    975329     0.24
    975350     0.11
