report_start 48347 last_report_end 48354 n 127
     44506   -14.51
     44527   -12.39
     44547   -11.34
     44568   -10.56
     44589   -10.49
     44610   -11.17
     44630    -9.00
     44651    -8.04
     44672    -9.72
     44693    -9.34
     44713    -9.61
     44734    -8.10
     44755    -7.57
     44775    -8.16
     44796    -7.47
     44817    -7.99
     44838    -8.04
     44858    -7.36
     44879    -5.20
     44900    -7.43
     44921   -10.30
     44941    -9.91
     44962    -8.35
     44983    -8.16
     45004    -8.39
     45024    -7.72
     45045    -7.05
     45066    -8.01
     45087    -8.56
     45594   -11.71
     45615   -10.58
     45636    -8.60
     45656    -9.44
     45677   -11.40
     45698   -11.12
     45719   -10.26
     45739   -10.09
     45760    -9.93
     45781   -10.73
     45802    -9.97
     45822    -9.67
     45843   -10.64
     45864   -10.18
     45885    -7.32
     45905    -8.22
     45926   -10.20
     45947    -9.49
     45967    -9.38
     45988    -9.02
     46009    -8.43
     46030    -8.43
     46050    -7.47
     46071    -6.54
     46092    -6.88
     46113    -6.67
     46133    -5.13
     46154    -5.22
     46175    -7.72
     46196    -8.60
     46216    -8.24
     46237    -7.80
     46258    -7.13
     46278    -7.28
     46299    -6.75
     46320    -6.10
     46341    -7.22
     46361     6.88
     46382    47.20
     46403    13.04
     46424   -31.03
     46444   -30.09
     46465   -25.31
     46486   -22.64
     46507   -20.86
     46527   -18.54
     46548   -17.10
     46569   -16.13
     46590   -14.84
     47097   -10.28
     47118    -9.74
     47139    -8.87
     47159    -9.48
     47180   -10.87
     47201    -9.88
     47222    -9.57
     47242    -9.59
     47263   -10.09
     47284   -11.10
     47305   -11.57
     47325   -11.04
     47347   -10.64
     47367     0.07
     47387    39.13
     47408   -19.49
     47429   -54.32
     47450   -29.06
     47470   -24.12
     47491   -20.98
     47512   -20.61
     47533   -20.79
     47553   -19.41
     47574   -17.26
     47595   -16.40
     47616   -16.91
     47636   -16.78
     47657   -15.27
     47678   -16.55
     47699   -16.51
     47719   -16.07
     47740   -15.54
     47761   -14.97
     47781   -14.72
     47802   -15.20
     47823   -13.56
     47844   -12.85
     47864   -13.12
     47885   -12.53
     47906   -11.59
     47927   -14.11
     47947   -14.45
     47968   -14.93
     47989   -14.28
     48010   -12.36
     48030   -10.75
     48051   -11.40
     48072   -10.28
     48092    -9.67
