report_start 67489 last_report_end 67496 n 127
     67093     2.42
     67114     3.08
     67135     4.34
     67156     3.89
     67176     3.20
     67197     2.57
     67218     2.57
     67239     2.76
     67259     1.69
     67280     1.12
     67301     2.59
     67321     0.41
     67342     0.00
     67363    -0.03
     67384    -0.21
     67404    -0.89
     67425    -2.27
     67446    -3.03
     67467    -2.55 <report
     67487    -3.47 <report
     67508     0.15 <report
     67529    37.13
     67550    27.19
     67570   -42.95
     67591   -21.30
     67612   -15.22
     67633   -12.24
     68140     0.70
     68161     2.15
     68681    -2.93
     68702    -3.43
     68723    -2.06
     68743    -1.88
     68764    -3.43
     68785    -2.30
     68806    -1.22
     68826    -2.95
     68847    -1.60
     68868    -0.53
     68888    -0.05
     68909     0.41
     68930     0.76
     68951     0.24
     68971     0.40
     68992    -0.15
     69013    -0.09
     69034     1.31
     69054     2.55
     69075     0.09
     69096     0.36
     69117     0.47
     69137     0.40
     69158     0.20
     69179    -0.74
     69199     0.05
     69220    -0.61
     69241    -1.69
     69262    -1.24
     69282    -0.22
     69303     0.53
     69324    -2.97
     69345    -3.47
     69365    -3.37
     69386    -2.57
     69407    -2.70
     69428    -3.30
     69448    -5.24
     69469    -5.53
     69490    -4.40
     69511    -5.01
     69531   -12.39
     69552   -34.82
     69573    -5.79
     69593     1.20
     69614     0.26
     69635    -2.48
     69656    -2.72
     69676    -2.02
     70184    -1.77
     70205    -1.03
     70226    -0.61
     70246    -0.42
     70267    -1.83
     70288    -0.66
     70309    -0.74
     70329    -2.09
     70350    -2.59
     70371    -3.09
     70392    -4.54
     70412    -5.15
     70433    -4.12
     70454    -4.04
     70475    -4.65
     70495    -4.63
     70516    -4.46
     70537    -3.39
     70557    -3.72
     70578    -4.99
     70599    -5.11
     70620    -6.35
     70640    -6.25
     70661    -5.24
     70682    -4.50
     70703    -5.11
     70723    -6.19
     70744    -4.61
     70765    -3.75
     70786    -2.19
     70806    -4.42
     70827    -4.52
     70848    -2.17
     70869    -2.91
     70889    -3.05
     70910    -2.44
     70931    -1.10
     70951    -1.06
     70972    -0.93
     70993    -1.08
     71014    -0.70
     71034     1.18
     71055     0.17
     71076    -1.22
     71097    -1.94
     71117    -2.08
     71138    -2.46
     71159    -2.36
     71180    -2.49
